1,2,3,4
2,1,3,5,6
3,1,2,4,6,7,8
4,1,3,8,9
5,2,6,10,11
6,2,3,5,7,11,12
7,3,6,8,12,13,14
8,3,4,7,9,14,15
9,4,8,15,16
10,5,11,17,18
11,5,6,10,12,18,19
12,6,7,11,13,19,20
13,7,12,14,20,21,22
14,7,8,13,15,22,23
15,8,9,14,16,23,24
16,9,15,24,25
17,10,18,26,27
18,10,11,17,19,27,28
19,11,12,18,20,28,29
20,12,13,19,21,29,30
21,13,20,22,30,31,32
22,13,14,21,23,32,33
23,14,15,22,24,33,34
24,15,16,23,25,34,35
25,16,24,35,36
26,17,27,37,38
27,17,18,26,28,38,39
28,18,19,27,29,39,40
29,19,20,28,30,40,41
30,20,21,29,31,41,42
31,21,30,32,42,43,44
32,21,22,31,33,44,45
33,22,23,32,34,45,46
34,23,24,33,35,46,47
35,24,25,34,36,47,48
36,25,35,48,49
37,26,38,50
38,26,27,37,39,50,51
39,27,28,38,40,51,52
40,28,29,39,41,52,53
41,29,30,40,42,53,54
42,30,31,41,43,54,55
43,31,42,44,55,56
44,31,32,43,45,56,57
45,32,33,44,46,57,58
46,33,34,45,47,58,59
47,34,35,46,48,59,60
48,35,36,47,49,60,61
49,36,48,61
50,37,38,51,62
51,38,39,50,52,62,63
52,39,40,51,53,63,64
53,40,41,52,54,64,65
54,41,42,53,55,65,66
55,42,43,54,56,66,67
56,43,44,55,57,67,68
57,44,45,56,58,68,69
58,45,46,57,59,69,70
59,46,47,58,61,70,71
60,47,48,59,61,71,72
61,48,49,60,72
62,50,51,63,73
63,51,52,62,64,73,74
64,52,53,63,65,74,75
65,53,54,64,66,75,76
66,54,55,65,67,76,77
67,55,56,66,68,77,78
68,56,57,67,69,78,79
69,57,58,68,70,79,80
70,58,59,69,71,80,81
71,59,60,70,72,81,82
72,60,61,71,82
73,62,63,74,83
74,63,64,73,75,83,84
75,64,65,74,76,84,85
76,65,66,75,77,85,86
77,66,67,76,78,86,87
78,67,68,77,79,87,88
79,68,69,78,80,88,89
80,69,70,79,81,89,90
81,70,71,80,82,90,91
82,71,72,81,91
83,73,74,81,92
84,74,75,83,85,92,93
85,75,76,84,86,93,94
86,76,77,85,87,94,95
87,77,78,86,88,95,96
88,78,79,87,89,96,97
89,79,80,88,90,97,98
90,80,81,89,91,98,99
91,81,82,90,99
92,81,83,93,100
93,81,85,92,94,100,101
94,85,86,93,95,101,102
95,86,87,94,96,102,103
96,87,88,95,97,103,104
97,88,89,96,98,104,105
98,89,90,97,99,105,106
99,90,91,98,106
100,92,93,101
101,93,94,100,102
102,94,95,101,103
103,95,96,102,104
104,96,97,103,105
105,97,98,104,106
106,98,99,105
